1	971000	976000
1	999000	1003000
1	10022000	10025000
1	19476000	19480000
1	19723000	19726000
1	28494000	28497000
1	41619000	41622000
1	65412000	65415000
1	73453000	73456000
1	73754000	73757000
1	73908000	73912000
1	77111000	77114000
1	95541000	95544000
1	102732000	102736000
1	104688000	104701000
1	148397000	148400000
1	150711000	150714000
1	152232000	152235000
1	159415000	159419000
1	159581000	159584000
1	159624000	159628000
1	163025000	163028000
1	165104000	165107000
1	165631000	165634000
2	30559000	30562000
2	35548000	35553000
2	53351000	53354000
2	57747000	57750000
2	57931000	57934000
2	65931000	65934000
2	81658000	81662000
2	92417000	92422000
2	96456000	96459000
2	138643000	138647000
2	142794000	142798000
3	5801000	6302000
3	50229000	50232000
3	53524000	53528000
3	70300000	70303000
3	79994000	79997000
3	102752000	102757000
4	18761000	19262000
4	19617000	19620000
4	21120000	21124000
4	27898000	27901000
4	42634000	42637000
4	49881000	49884000
4	54469000	54473000
4	56129000	56132000
4	63532000	63535000
4	72480000	72483000
5	3309000	3315000
5	22823000	22826000
6	11823000	11826000
7	24202000	24205000
7	24247000	24250000
8	59000	62000
8	3375000	3378000
8	11174000	11177000
8	11554000	11557000
8	11641000	11645000
10	7053000	7056000
12	19611000	19614000
14	16124000	16127000
14	16172000	16175000
20	3010000	3013000
31	5082000	5085000
33	4387000	4390000
33	6174000	6177000
33	6402000	6406000
Z	4724000	4727000
Z	12542000	12545000
Z	15521000	15524000
Z	17766000	17769000
Z	23971000	23974000
Z	25612000	25663000
Z	29207000	29210000
Z	29580000	29583000
Z	31927000	31930000
Z	38105000	38108000
Z	41549000	41552000
Z	42786000	42790000
Z	44939000	44943000
Z	45472000	45477000
Z	47298000	47304000
Z	65551000	65554000
Z	73118000	73121000
