1	790000	793000
1	10535000	10538000
1	18633000	18636000
1	19493000	19496000
1	21537000	21540000
1	27295000	27298000
1	31337000	31340000
1	40121000	40124000
1	41380000	41383000
1	41462000	41468000
1	43862000	43865000
1	63851000	63854000
1	73079000	73084000
1	79684000	79687000
1	95552000	95556000
1	95966000	95970000
1	100724000	100727000
1	101015000	101018000
1	102596000	102599000
1	103726000	103729000
1	104688000	104701000
1	125636000	125639000
1	140323000	140326000
1	148775000	148778000
1	158929000	158933000
1	159624000	159628000
1	159839000	159844000
1	165499000	165502000
2	53231000	53234000
2	53757000	53760000
2	55602000	55605000
2	57931000	57934000
2	60393000	60396000
2	72824000	72827000
2	73537000	73541000
2	74845000	74848000
2	74887000	74891000
2	82037000	82042000
2	82359000	82362000
2	96477000	96482000
2	108578000	108581000
2	109406000	109409000
2	110249000	110261000
2	134264000	134267000
2	147456000	147459000
3	50000	53000
3	6874000	6877000
3	34693000	34697000
3	44857000	44860000
3	49599000	49602000
3	54899000	54902000
3	58616000	58619000
3	64450000	64453000
3	65302000	65307000
3	76836000	76839000
3	78329000	78332000
3	80178000	80181000
3	85193000	85196000
3	87878000	87881000
3	88650000	88653000
3	99437000	99441000
3	110523000	110526000
4	18451000	18454000
4	18761000	19262000
4	19274000	19280000
4	19568000	19572000
4	20410000	20413000
4	23081000	23084000
4	35778000	35781000
4	36222000	36225000
4	38691000	38694000
4	55538000	55541000
4	61371000	61374000
4	64027000	64030000
4	64097000	64100000
4	81844000	81847000
4	86114000	86117000
4	86757000	86760000
4	86861000	86864000
5	3339000	3342000
5	8597000	8601000
5	20214000	20217000
5	20551000	20554000
5	33303000	33307000
5	37128000	37131000
5	59130000	59133000
6	5377000	5381000
6	10136000	10139000
6	21248000	21251000
6	22748000	22751000
7	7320000	7323000
7	12408000	12411000
7	31892000	31895000
8	736000	739000
9	6473000	6476000
9	7943000	7946000
10	5750000	5753000
12	5054000	5057000
12	5057000	5060000
13	752000	766000
14	765000	770000
14	14091000	14094000
14	14649000	14652000
15	1531000	1534000
17	10619000	10622000
19	9979000	9982000
24	6275000	6278000
24	6312000	6315000
26	228000	231000
31	2743000	2751000
Z	19956000	19961000
Z	25612000	25663000
Z	30491000	30494000
Z	33617000	33620000
Z	39665000	39668000
Z	42525000	42528000
Z	45645000	45648000
Z	51218000	51221000
Z	52427000	52430000
Z	57082000	57085000
Z	79409000	79412000
